# mesh name: PhantomMesh
# primitive scorer name: nOfSecondary
3	80	102	1.602176634e-13
9	93	103	1.602176634e-13
18	93	150	1.602176634e-13
19	126	117	1.602176634e-13
20	113	19	1.602176634e-13
22	90	132	3.204353268e-13
22	103	15	1.602176634e-13
30	107	149	3.204353268e-13
31	91	134	3.204353268e-13
37	111	167	1.602176634e-13
46	88	165	1.602176634e-13
47	85	165	1.602176634e-13
48	86	165	1.602176634e-13
49	87	165	1.602176634e-13
49	97	165	1.602176634e-13
50	56	173	1.602176634e-13
50	63	174	1.602176634e-13
50	73	173	1.602176634e-13
51	72	173	1.602176634e-13
51	94	176	1.602176634e-13
52	106	169	4.806529902e-13
52	106	171	1.602176634e-13
52	108	169	1.602176634e-13
52	108	171	1.602176634e-13
52	113	170	1.602176634e-13
52	114	170	1.602176634e-13
53	67	173	1.602176634e-13
53	69	173	1.602176634e-13
53	70	173	1.602176634e-13
53	88	165	1.602176634e-13
53	104	120	3.204353268e-13
53	106	171	1.602176634e-13
53	107	169	1.602176634e-13
53	116	171	1.602176634e-13
54	62	176	1.602176634e-13
54	69	172	1.602176634e-13
54	74	159	3.204353268e-13
54	107	169	4.806529902e-13
54	108	169	1.602176634e-13
54	109	169	1.602176634e-13
54	110	169	1.602176634e-13
54	117	171	3.204353268e-13
55	62	176	1.602176634e-13
55	66	173	3.204353268e-13
55	91	165	1.602176634e-13
55	108	169	3.204353268e-13
55	109	169	1.602176634e-13
55	117	171	3.204353268e-13
56	47	175	1.602176634e-13
56	51	175	1.602176634e-13
56	60	176	1.602176634e-13
56	63	173	1.602176634e-13
56	65	173	1.602176634e-13
57	52	175	1.602176634e-13
57	58	176	3.204353268e-13
57	61	174	1.602176634e-13
57	109	169	1.602176634e-13
57	114	170	1.602176634e-13
58	46	175	3.204353268e-13
58	47	175	1.602176634e-13
58	55	172	3.204353268e-13
58	56	175	1.602176634e-13
58	57	175	1.602176634e-13
58	58	175	1.602176634e-13
58	60	175	1.602176634e-13
58	110	170	3.204353268e-13
58	111	170	1.602176634e-13
59	46	175	1.602176634e-13
59	92	167	1.602176634e-13
59	111	170	1.602176634e-13
60	90	167	3.204353268e-13
60	92	166	1.602176634e-13
60	92	167	1.602176634e-13
60	105	173	1.602176634e-13
61	53	174	1.602176634e-13
61	58	175	1.602176634e-13
61	83	168	1.602176634e-13
61	89	167	1.602176634e-13
61	120	173	1.602176634e-13
62	51	174	1.602176634e-13
62	52	173	1.602176634e-13
62	52	174	1.602176634e-13
62	53	174	1.602176634e-13
62	97	172	1.602176634e-13
62	99	172	1.602176634e-13
62	121	173	1.602176634e-13
63	52	174	1.602176634e-13
63	53	173	1.602176634e-13
63	54	173	1.602176634e-13
63	62	176	1.602176634e-13
63	83	169	1.602176634e-13
63	103	173	1.602176634e-13
63	104	173	1.602176634e-13
63	112	110	3.204353268e-13
64	52	175	4.806529902e-13
64	83	170	3.204353268e-13
64	101	173	1.602176634e-13
64	103	173	3.204353268e-13
65	48	175	1.602176634e-13
65	52	175	1.602176634e-13
65	57	160	3.204353268e-13
65	89	169	1.602176634e-13
66	45	152	3.204353268e-13
66	64	176	1.602176634e-13
66	65	176	1.602176634e-13
66	66	176	3.204353268e-13
66	89	169	1.602176634e-13
67	43	162	1.602176634e-13
67	45	176	1.602176634e-13
67	52	174	3.204353268e-13
67	65	176	1.602176634e-13
68	92	172	3.204353268e-13
68	93	170	1.602176634e-13
68	93	172	1.602176634e-13
69	52	174	3.204353268e-13
69	60	176	1.602176634e-13
69	97	173	1.602176634e-13
70	91	89	1.602176634e-13
71	53	174	1.602176634e-13
71	58	176	1.602176634e-13
71	87	177	1.602176634e-13
71	94	172	1.602176634e-13
71	98	172	1.602176634e-13
71	99	172	1.602176634e-13
71	104	48	1.602176634e-13
72	95	171	1.602176634e-13
72	96	171	1.602176634e-13
72	98	87	1.602176634e-13
73	58	178	3.204353268e-13
73	105	48	1.602176634e-13
73	114	172	3.204353268e-13
75	99	28	3.204353268e-13
75	107	47	1.602176634e-13
76	49	161	1.602176634e-13
76	58	178	1.602176634e-13
76	76	83	1.602176634e-13
76	105	180	3.204353268e-13
77	105	180	1.602176634e-13
77	115	169	6.408706536e-13
78	101	31	6.408706536e-13
78	113	43	1.602176634e-13
79	107	136	1.602176634e-13
79	112	43	1.602176634e-13
81	79	66	1.602176634e-13
81	107	135	3.204353268e-13
81	124	170	1.602176634e-13
82	116	171	1.602176634e-13
84	77	173	1.602176634e-13
84	91	85	1.602176634e-13
84	93	178	1.602176634e-13
90	78	144	1.602176634e-13
90	111	148	3.204353268e-13
91	43	148	1.602176634e-13
91	76	144	1.602176634e-13
91	107	47	1.602176634e-13
93	53	156	1.602176634e-13
93	105	39	1.602176634e-13
94	89	146	1.602176634e-13
95	103	48	1.602176634e-13
96	86	209	1.602176634e-13
96	91	147	1.602176634e-13
97	35	144	1.602176634e-13
97	44	147	1.602176634e-13
97	86	209	1.602176634e-13
97	88	209	3.204353268e-13
97	88	210	3.204353268e-13
97	89	210	1.602176634e-13
97	90	208	1.602176634e-13
97	117	170	1.602176634e-13
98	44	147	3.204353268e-13
98	79	71	3.204353268e-13
98	89	208	1.602176634e-13
98	90	208	3.204353268e-13
98	90	209	1.602176634e-13
98	91	208	3.204353268e-13
98	92	208	1.602176634e-13
98	115	14	1.602176634e-13
98	115	156	3.204353268e-13
98	124	167	3.204353268e-13
99	46	140	3.204353268e-13
99	57	156	3.204353268e-13
99	81	141	3.204353268e-13
99	83	141	3.204353268e-13
99	89	209	1.602176634e-13
99	122	8	1.602176634e-13
100	80	141	1.602176634e-13
100	92	209	1.602176634e-13
100	113	46	1.602176634e-13
101	36	211	1.602176634e-13
101	81	208	3.204353268e-13
101	88	208	1.602176634e-13
101	90	208	1.602176634e-13
101	91	208	1.602176634e-13
102	80	208	3.204353268e-13
102	83	208	1.602176634e-13
102	85	208	1.602176634e-13
102	92	208	1.602176634e-13
102	101	79	1.602176634e-13
102	103	178	1.602176634e-13
102	112	46	1.602176634e-13
104	84	17	1.602176634e-13
104	92	208	1.602176634e-13
104	99	180	1.602176634e-13
105	9	153	1.602176634e-13
105	41	116	1.602176634e-13
105	82	208	1.602176634e-13
105	83	208	1.602176634e-13
105	106	40	1.602176634e-13
106	52	209	1.602176634e-13
106	66	144	3.204353268e-13
106	82	209	1.602176634e-13
106	93	208	1.602176634e-13
106	94	208	3.204353268e-13
107	44	208	1.602176634e-13
107	83	209	1.602176634e-13
107	106	46	1.602176634e-13
107	112	181	1.602176634e-13
107	121	178	1.602176634e-13
108	40	210	1.602176634e-13
108	51	208	1.602176634e-13
108	53	209	1.602176634e-13
108	72	57	3.204353268e-13
108	83	209	1.602176634e-13
108	90	16	1.602176634e-13
108	102	137	1.602176634e-13
108	120	180	1.602176634e-13
109	53	209	4.806529902e-13
110	50	208	1.602176634e-13
110	109	40	3.204353268e-13
111	86	210	3.204353268e-13
112	46	207	3.204353268e-13
112	47	207	1.602176634e-13
112	102	25	1.602176634e-13
112	103	25	1.602176634e-13
113	25	215	1.602176634e-13
113	42	211	3.204353268e-13
113	91	209	3.204353268e-13
113	103	25	1.602176634e-13
114	41	208	3.204353268e-13
114	42	209	1.602176634e-13
114	42	211	1.602176634e-13
114	43	210	3.204353268e-13
114	56	184	3.204353268e-13
114	57	184	1.602176634e-13
115	41	208	1.602176634e-13
115	42	208	1.602176634e-13
115	43	209	1.602176634e-13
115	51	186	1.602176634e-13
115	55	184	1.602176634e-13
116	42	208	1.602176634e-13
116	46	210	1.602176634e-13
116	51	186	3.204353268e-13
116	52	183	1.602176634e-13
116	54	184	3.204353268e-13
116	93	209	1.602176634e-13
117	46	210	1.602176634e-13
117	53	183	3.204353268e-13
117	53	185	1.602176634e-13
117	95	165	3.204353268e-13
117	100	145	3.204353268e-13
118	49	184	1.602176634e-13
118	49	186	1.602176634e-13
118	51	184	1.602176634e-13
118	52	185	3.204353268e-13
118	53	186	3.204353268e-13
118	54	185	4.806529902e-13
118	55	185	4.806529902e-13
118	55	186	1.602176634e-13
118	92	209	1.602176634e-13
119	49	184	3.204353268e-13
119	50	184	1.602176634e-13
119	50	186	1.602176634e-13
119	52	186	1.602176634e-13
119	53	185	1.602176634e-13
119	55	185	1.602176634e-13
119	57	207	1.602176634e-13
119	60	207	1.602176634e-13
119	73	205	1.602176634e-13
119	95	209	3.204353268e-13
119	111	101	1.602176634e-13
120	49	210	1.602176634e-13
120	52	185	1.602176634e-13
120	54	185	1.602176634e-13
120	90	213	1.602176634e-13
120	91	209	1.602176634e-13
120	92	209	1.602176634e-13
120	93	209	1.602176634e-13
121	52	185	1.602176634e-13
121	53	185	1.602176634e-13
121	53	186	3.204353268e-13
121	54	185	3.204353268e-13
121	54	186	4.806529902e-13
121	95	209	1.602176634e-13
122	48	165	1.602176634e-13
122	53	185	1.602176634e-13
122	57	184	1.602176634e-13
123	57	184	1.602176634e-13
123	88	211	1.602176634e-13
124	58	183	1.602176634e-13
124	108	206	1.602176634e-13
125	33	161	1.602176634e-13
125	76	200	1.602176634e-13
126	36	157	3.204353268e-13
126	38	146	1.602176634e-13
126	41	151	1.602176634e-13
126	53	184	1.602176634e-13
126	60	183	1.602176634e-13
126	72	93	1.602176634e-13
127	35	160	1.602176634e-13
127	43	151	1.602176634e-13
127	53	184	1.602176634e-13
127	56	184	1.602176634e-13
127	57	184	3.204353268e-13
129	46	200	1.602176634e-13
129	92	189	1.602176634e-13
130	46	144	1.602176634e-13
130	49	199	1.602176634e-13
130	75	192	1.602176634e-13
130	90	189	3.204353268e-13
130	91	189	1.602176634e-13
131	1	204	1.602176634e-13
131	48	199	1.602176634e-13
131	50	150	1.602176634e-13
132	19	156	3.204353268e-13
132	75	192	1.602176634e-13
132	76	190	1.602176634e-13
132	76	192	1.602176634e-13
132	78	189	1.602176634e-13
132	79	189	1.602176634e-13
132	93	188	3.204353268e-13
133	42	159	1.602176634e-13
133	46	211	1.602176634e-13
133	67	183	1.602176634e-13
133	68	183	1.602176634e-13
133	69	184	1.602176634e-13
133	75	191	1.602176634e-13
133	78	189	1.602176634e-13
133	84	189	3.204353268e-13
133	85	189	1.602176634e-13
134	17	156	3.204353268e-13
134	76	191	1.602176634e-13
134	78	189	1.602176634e-13
134	78	190	1.602176634e-13
134	86	189	3.204353268e-13
134	87	189	3.204353268e-13
134	88	189	3.204353268e-13
135	73	185	1.602176634e-13
135	75	192	1.602176634e-13
135	77	185	1.602176634e-13
135	77	186	1.602176634e-13
135	98	167	6.408706536e-13
136	46	199	1.602176634e-13
136	48	211	1.602176634e-13
136	49	211	1.602176634e-13
136	75	188	1.602176634e-13
136	75	192	1.602176634e-13
136	76	188	1.602176634e-13
136	76	191	1.602176634e-13
136	77	191	1.602176634e-13
136	78	185	1.602176634e-13
136	80	59	1.602176634e-13
137	18	212	1.602176634e-13
137	73	188	1.602176634e-13
137	74	188	3.204353268e-13
139	47	132	3.204353268e-13
139	66	82	1.602176634e-13
140	49	211	1.602176634e-13
141	49	211	1.602176634e-13
141	77	185	1.602176634e-13
142	72	82	1.602176634e-13
142	77	185	1.602176634e-13
143	33	149	3.204353268e-13
143	35	149	3.204353268e-13
143	45	212	1.602176634e-13
143	87	32	1.602176634e-13
143	112	171	1.602176634e-13
144	99	98	1.602176634e-13
144	102	99	1.602176634e-13
145	53	71	1.602176634e-13
145	70	76	1.602176634e-13
145	96	97	1.602176634e-13
146	105	25	1.602176634e-13
147	60	138	1.602176634e-13
148	60	138	1.602176634e-13
148	66	177	3.204353268e-13
149	48	170	1.602176634e-13
149	65	138	3.204353268e-13
149	67	138	1.602176634e-13
149	70	137	3.204353268e-13
149	70	138	1.602176634e-13
149	71	137	3.204353268e-13
150	107	25	1.602176634e-13
151	83	38	1.602176634e-13
151	88	190	3.204353268e-13
151	102	26	3.204353268e-13
151	106	25	1.602176634e-13
152	85	185	3.204353268e-13
153	34	176	3.204353268e-13
153	59	137	6.408706536e-13
153	79	134	4.806529902e-13
153	89	34	1.602176634e-13
154	80	135	1.602176634e-13
154	83	136	1.602176634e-13
154	111	30	3.204353268e-13
155	62	75	1.602176634e-13
156	48	103	1.602176634e-13
156	86	136	1.602176634e-13
157	81	135	1.602176634e-13
157	85	136	1.602176634e-13
158	81	136	1.602176634e-13
158	82	135	6.408706536e-13
158	89	3	1.602176634e-13
159	43	214	1.602176634e-13
159	54	148	1.602176634e-13
159	69	12	1.602176634e-13
161	44	104	1.602176634e-13
161	56	108	1.602176634e-13
161	92	162	1.602176634e-13
162	64	154	3.204353268e-13
162	81	135	1.602176634e-13
163	53	78	3.204353268e-13
163	81	133	1.602176634e-13
163	82	133	8.01088317e-13
164	82	7	1.602176634e-13
164	82	133	3.204353268e-13
164	83	134	1.602176634e-13
164	86	164	1.602176634e-13
164	89	159	1.602176634e-13
164	111	187	1.602176634e-13
165	41	152	1.602176634e-13
165	63	154	3.204353268e-13
165	80	134	1.602176634e-13
165	81	133	3.204353268e-13
165	82	133	1.602176634e-13
165	84	134	1.602176634e-13
165	87	134	1.602176634e-13
165	88	135	1.602176634e-13
165	109	186	1.602176634e-13
166	82	133	1.602176634e-13
166	83	134	1.602176634e-13
166	87	134	1.602176634e-13
166	103	187	1.602176634e-13
166	105	187	1.602176634e-13
167	39	150	1.602176634e-13
167	41	144	3.204353268e-13
167	72	136	1.602176634e-13
167	82	133	1.602176634e-13
167	86	134	3.204353268e-13
167	111	144	1.602176634e-13
168	37	144	1.602176634e-13
168	78	8	1.602176634e-13
168	83	134	4.806529902e-13
168	84	134	3.204353268e-13
168	101	154	3.204353268e-13
168	108	144	1.602176634e-13
168	111	187	1.602176634e-13
169	42	144	1.602176634e-13
169	65	170	1.602176634e-13
169	82	135	1.602176634e-13
169	84	135	1.602176634e-13
169	84	171	4.806529902e-13
169	85	135	3.204353268e-13
169	105	143	1.602176634e-13
169	118	175	1.602176634e-13
170	84	135	4.806529902e-13
170	85	135	1.602176634e-13
170	94	139	1.602176634e-13
170	98	186	1.602176634e-13
171	39	146	3.204353268e-13
171	46	105	3.204353268e-13
171	93	187	3.204353268e-13
171	94	141	1.602176634e-13
172	92	138	1.602176634e-13
172	94	139	1.602176634e-13
172	99	142	1.602176634e-13
173	90	41	1.602176634e-13
173	91	138	1.602176634e-13
175	72	98	1.602176634e-13
175	83	185	3.204353268e-13
175	91	138	1.602176634e-13
175	110	33	1.602176634e-13
176	29	160	1.602176634e-13
176	84	138	1.602176634e-13
177	85	137	3.204353268e-13
178	49	100	3.204353268e-13
178	91	97	1.602176634e-13
179	67	127	3.204353268e-13
179	79	104	3.204353268e-13
179	99	143	1.602176634e-13
180	35	156	1.602176634e-13
180	70	79	1.602176634e-13
180	81	100	3.204353268e-13
180	86	102	3.204353268e-13
181	81	101	3.204353268e-13
181	88	103	1.602176634e-13
182	69	79	1.602176634e-13
182	81	101	1.602176634e-13
182	82	101	1.602176634e-13
182	83	101	1.602176634e-13
182	89	96	1.602176634e-13
182	108	94	1.602176634e-13
183	73	160	1.602176634e-13
183	77	101	3.204353268e-13
184	69	78	1.602176634e-13
184	78	98	1.602176634e-13
184	84	90	3.204353268e-13
184	89	105	1.602176634e-13
185	78	98	1.602176634e-13
185	104	176	3.204353268e-13
186	56	107	1.602176634e-13
186	80	100	1.602176634e-13
186	81	99	1.602176634e-13
186	91	174	3.204353268e-13
186	101	172	1.602176634e-13
187	78	97	1.602176634e-13
187	79	97	1.602176634e-13
187	79	98	1.602176634e-13
188	67	86	1.602176634e-13
188	79	98	1.602176634e-13
188	79	99	1.602176634e-13
189	44	154	8.01088317e-13
189	67	87	1.602176634e-13
189	74	100	1.602176634e-13
189	80	98	3.204353268e-13
189	90	98	1.602176634e-13
189	92	97	1.602176634e-13
190	73	100	1.602176634e-13
190	95	105	1.602176634e-13
190	111	109	1.602176634e-13
190	112	109	1.602176634e-13
191	87	98	1.602176634e-13
191	91	96	3.204353268e-13
191	112	109	3.204353268e-13
192	80	100	1.602176634e-13
192	98	106	1.602176634e-13
193	88	174	1.602176634e-13
193	90	100	1.602176634e-13
193	98	106	3.204353268e-13
193	102	106	1.602176634e-13
194	87	100	1.602176634e-13
194	98	106	1.602176634e-13
194	102	106	1.602176634e-13
194	107	109	1.602176634e-13
196	84	100	1.602176634e-13
196	85	118	3.204353268e-13
197	84	118	1.602176634e-13
197	105	107	1.602176634e-13
198	56	126	1.602176634e-13
198	83	100	1.602176634e-13
200	46	169	3.204353268e-13
202	77	159	1.602176634e-13
202	110	151	1.602176634e-13
204	96	149	1.602176634e-13
204	105	150	1.602176634e-13
204	107	141	1.602176634e-13
205	82	160	4.806529902e-13
205	98	150	1.602176634e-13
205	105	149	1.602176634e-13
207	82	161	1.602176634e-13
207	115	175	1.602176634e-13
209	16	164	1.602176634e-13
209	83	161	1.602176634e-13
209	107	149	1.602176634e-13
210	15	164	1.602176634e-13
210	83	160	1.602176634e-13
210	83	161	1.602176634e-13
212	59	165	1.602176634e-13
212	84	159	1.602176634e-13
212	106	149	1.602176634e-13
213	12	165	3.204353268e-13
214	11	165	1.602176634e-13
214	13	164	1.602176634e-13
214	69	183	1.602176634e-13
214	104	149	1.602176634e-13
214	109	179	1.602176634e-13
215	84	160	1.602176634e-13
215	88	163	1.602176634e-13
215	93	162	3.204353268e-13
216	88	163	1.602176634e-13
216	92	161	1.602176634e-13
216	102	150	1.602176634e-13
218	88	167	1.602176634e-13
218	95	165	1.602176634e-13
218	103	151	3.204353268e-13
220	86	162	1.602176634e-13
220	87	154	1.602176634e-13
222	7	167	1.602176634e-13
222	84	154	1.602176634e-13
222	92	153	1.602176634e-13
222	94	153	1.602176634e-13
222	98	152	1.602176634e-13
222	101	157	1.602176634e-12
222	106	109	3.204353268e-13
223	85	154	1.602176634e-13
223	88	153	1.602176634e-13
223	107	176	3.204353268e-13
224	67	178	1.602176634e-13
224	110	110	1.602176634e-13
225	87	155	3.204353268e-13
225	106	109	1.602176634e-13
225	110	110	3.204353268e-13
226	104	111	1.602176634e-13
226	105	111	4.806529902e-13
226	106	111	1.602176634e-13
227	91	155	1.602176634e-13
227	96	157	1.602176634e-13
227	103	111	1.602176634e-13
227	105	111	1.602176634e-13
227	106	111	1.602176634e-13
227	109	110	1.602176634e-13
228	3	167	1.602176634e-13
228	103	111	1.602176634e-13
228	104	111	1.602176634e-13
231	103	109	1.602176634e-13
231	109	107	1.602176634e-13
232	111	106	1.602176634e-13
239	117	107	3.204353268e-13
241	46	212	3.204353268e-13
242	103	142	1.602176634e-13
246	114	107	3.204353268e-13
246	124	108	1.602176634e-13
247	115	106	1.602176634e-13
247	119	106	1.602176634e-13
